0.0
2.989538838704675e-09
7.394118746728573e-07
0.0016288933739966316
0.0018736146606100107
0.008718024698562865
0.010163187042934053
0.010270656456012857
0.013781633614425949
0.008215788358824782
0.004039469938624515
0.0009499348858795664
0.00016600859093181402
5.717304810620434e-05
4.261056315308106e-05
4.127772065779416e-05
4.1057677393478566e-05
7.61976483873506e-06
5.2933339071879674e-05
2.252785425386726e-05
2.8189426172512055e-05
5.83043384126416e-06
2.532493456903256e-05
6.347985495388477e-06
7.371185711095224e-06
6.504897689278737e-06
