0.0
1.0762326141389167e-07
1.2372654948578088e-05
0.004963850154162724
0.0043555094898843
0.012907196755040845
0.013899865792034186
0.013218721695236201
0.014109011848611531
0.009240000143779724
0.005424943862358452
0.004622405507815094
0.002633311965736714
0.0017249714234579383
0.0012653432764880576
0.0009414545356560463
0.0007260307769792729
0.00040858662301735234
0.0004433462874134545
0.0002870176031969647
0.0002570645365289702
0.00021712561873935313
0.00021446896984400854
0.00014937766680591546
8.449594873669302e-05
4.4655361753747446e-05
