-3.0
-2.9999277833500515
-2.968024573721165
-2.6866700100300904
-2.371334002006019
-1.7767367101303901
-1.6133505516549649
-1.4446238716148447
-1.1680075225677014
-1.0544458375125392
-0.7870250752256769
-0.644002507522568
-0.5333580742226679
-0.4015045135406218
-0.3948114343029092
-0.3500305917753258
-0.34653259779338025
-0.2627066198595787
-0.2759047141424271
-0.21610481444333002
-0.21735255767301906
-0.20031594784353043
-0.2171484453360081
-0.1764709127382147
-0.18415596790371114
-0.11336960882647977
