1.0
0.9999879638916737
0.9945651955867633
0.9396737713139399
0.8711599799398202
0.6967362086258772
0.6390722166499497
0.5747048645937809
0.44069658976930776
0.38056720160481466
0.15554939819458374
0.06735682046138418
0.033918254764292874
0.028867352056168482
0.01803335005015044
0.01894984954864595
0.015539117352056172
0.011091023069207628
0.016168004012036108
0.020602056168505533
0.019715897693079226
0.008212637913741225
0.024968154463390176
0.012656469408224692
0.009064694082246751
0.013276078234704104
